1.61495678813e+12
1.61495678818e+12

1.61495679861e+12
1.61495679866e+12

1.61495680866e+12
1.6149568087e+12

1.61495681874e+12
1.61495681878e+12

1.61495682878e+12
1.61495682882e+12

1.614956839e+12
1.61495683904e+12

1.61495684897e+12
1.61495684902e+12

1.61495685916e+12
1.6149568592e+12

1.61495686882e+12
1.61495686886e+12

1.61495691979e+12
1.61495691983e+12

1.61495692948e+12
1.61495692952e+12

1.6149569396e+12
1.61495693964e+12

1.61495694975e+12
1.61495694979e+12

1.61495695926e+12
1.6149569593e+12

1.61495696892e+12
1.61495696896e+12

1.61495697889e+12
1.61495697894e+12

1.61495698916e+12
1.61495698921e+12

1.61495699922e+12
1.61495699927e+12

1.61495700888e+12
1.61495700893e+12

1.61495701898e+12
1.61495701902e+12

1.61495702943e+12
1.61495702947e+12

1.6149570396e+12
1.61495703964e+12

1.61495704887e+12
1.61495704891e+12

1.61495705803e+12
1.61495705807e+12

1.61495706734e+12
1.61495706738e+12

1.61495707653e+12
1.61495707657e+12

1.61495708591e+12
1.61495708595e+12

1.61495709524e+12
1.61495709528e+12

1.61495710455e+12
1.61495710459e+12

1.61495711371e+12
1.61495711376e+12

1.61495712372e+12
1.61495712377e+12

1.61495713352e+12
1.61495713356e+12

1.61495714351e+12
1.61495714355e+12

1.61495715342e+12
1.61495715346e+12

1.61495716286e+12
1.6149571629e+12

1.61495717205e+12
1.61495717209e+12

1.61495718139e+12
1.61495718143e+12

1.61495719062e+12
1.61495719066e+12

1.61495719989e+12
1.61495719993e+12

1.61495720915e+12
1.61495720919e+12

1.61495721859e+12
1.61495721863e+12

1.61495722783e+12
1.61495722787e+12

1.61495723712e+12
1.61495723716e+12

1.61495724640e+12
1.61495724645e+12

1.61495725572e+12
1.61495725576e+12

1.614957265e+12
1.61495726503e+12

1.61495727433e+12
1.61495727437e+12

1.61495728351e+12
1.61495728355e+12

1.61495729279e+12
1.61495729283e+12

1.61495730198e+12
1.61495730202e+12

1.61495731163e+12
1.61495731167e+12

1.61495732087e+12
1.61495732091e+12

1.61495733029e+12
1.61495733033e+12

1.61495733977e+12
1.61495733981e+12

1.6149573492e+12
1.61495734924e+12

1.61495735864e+12
1.61495735868e+12

1.61495736819e+12
1.61495736823e+12

1.61495737755e+12
1.61495737759e+12

1.61495738697e+12
1.61495738701e+12

1.61495739637e+12
1.61495739641e+12

1.61495740584e+12
1.61495740588e+12

1.61495741512e+12
1.61495741516e+12

1.61495742448e+12
1.61495742452e+12

1.61495743369e+12
1.61495743374e+12

1.61495744306e+12
1.6149574431e+12

1.61495745241e+12
1.61495745245e+12

1.61495746184e+12
1.61495746188e+12

1.61495747108e+12
1.61495747112e+12

1.61495748043e+12
1.61495748047e+12

1.61495748966e+12
1.61495748970e+12

1.61495749895e+12
1.61495749899e+12

1.61495750818e+12
1.61495750822e+12

1.61495751765e+12
1.6149575177e+12

1.61495752699e+12
1.61495752703e+12

1.61495753637e+12
1.61495753641e+12

1.61495754571e+12
1.61495754575e+12

1.61495755506e+12
1.6149575551e+12

1.61495756433e+12
1.61495756437e+12

1.61495757366e+12
1.6149575737e+12

1.61495758286e+12
1.6149575829e+12

1.61495759214e+12
1.61495759218e+12

1.61495760147e+12
1.61495760151e+12

1.61495761078e+12
1.61495761082e+12

1.61495762005e+12
1.61495762009e+12

1.61495762946e+12
1.6149576295e+12

1.61495763888e+12
1.61495763893e+12

1.61495764842e+12
1.61495764846e+12

1.61495765772e+12
1.61495765776e+12

1.61495766735e+12
1.61495766739e+12

1.61495767654e+12
1.61495767658e+12

1.61495768589e+12
1.61495768593e+12

1.61495769535e+12
1.61495769539e+12

1.61495770478e+12
1.61495770482e+12

1.61495771438e+12
1.61495771442e+12

1.61495772392e+12
1.61495772396e+12

1.6149577332e+12
1.61495773324e+12

1.61495774255e+12
1.61495774259e+12

1.61495775176e+12
1.6149577518e+12

1.61495776144e+12
1.61495776149e+12

1.61495777075e+12
1.61495777079e+12

1.61495778009e+12
1.61495778013e+12

1.61495778929e+12
1.61495778933e+12

1.61495779858e+12
1.61495779862e+12

1.61495780783e+12
1.61495780787e+12

1.61495781798e+12
1.61495781803e+12

1.61495782743e+12
1.61495782747e+12

1.61495783681e+12
1.61495783686e+12

1.61495784615e+12
1.6149578462e+12

1.61495785624e+12
1.61495785628e+12

1.61495786626e+12
1.6149578663e+12

1.6149578763e+12
1.61495787635e+12

1.61495788623e+12
1.61495788627e+12

1.61495789629e+12
1.61495789633e+12

1.61495790622e+12
1.61495790626e+12

1.61495791634e+12
1.6149579164e+12

1.61495792591e+12
1.61495792595e+12

1.61495793523e+12
1.61495793527e+12

1.61495794447e+12
1.61495794451e+12

1.61495795382e+12
1.61495795386e+12

1.61495796315e+12
1.61495796319e+12

1.61495797314e+12
1.61495797319e+12

1.61495798243e+12
1.61495798247e+12

1.6149579918e+12
1.61495799184e+12

1.61495800108e+12
1.61495800112e+12

1.61495801036e+12
1.61495801040e+12

1.61495801958e+12
1.61495801962e+12

1.61495802894e+12
1.61495802898e+12

1.61495803813e+12
1.61495803817e+12

1.61495804744e+12
1.61495804748e+12

1.61495805673e+12
1.61495805677e+12

1.61495806624e+12
1.61495806629e+12

1.61495807621e+12
1.61495807625e+12

1.6149580862e+12
1.61495808624e+12

1.61495809605e+12
1.6149580961e+12

1.61495810602e+12
1.61495810606e+12

1.61495811521e+12
1.61495811525e+12

1.61495812451e+12
1.61495812455e+12

1.6149581337e+12
1.61495813374e+12

1.61495814307e+12
1.61495814311e+12

1.61495815231e+12
1.61495815235e+12

1.61495816199e+12
1.61495816203e+12

1.61495817143e+12
1.61495817147e+12

1.61495818151e+12
1.61495818155e+12

1.6149581926e+12
1.61495819264e+12

